set1_score: 0.166838091944
set2_score: 0.160643140800
Duration: 0
